BTC, the live rule (RSI-2 + ADX >= 25), stop 3 x ATR, ONE target at r x the stop; $ per BTC; real ticks.
  reward:risk    IN-SAMPLE   n   win%      net    PF  maxDD      HELD-OUT   n   win%      net    PF  maxDD   0.25 lot 3y  worst drop 0.25 lot
  0.1 : 1                 435  92.0%    +2,692  1.06  6,499              615  94.0%   +15,087  1.43  3,863        +4,445               1,625
  0.2 : 1  (live)            975  87.2%   +25,749  1.21  7,358              726  86.9%   +25,228  1.33  6,102       +12,744               1,839
  0.3 : 1                1053  80.2%   +13,266  1.07 16,518              692  79.6%   +19,846  1.18  8,781        +8,278               4,130
  0.4 : 1                1032  73.8%    +1,772  1.01 20,897              661  73.5%   +17,360  1.12 12,291        +4,783               5,510
  0.5 : 1                 994  69.4%    +4,957  1.02 17,070              627  68.9%   +20,941  1.13 10,226        +6,475               4,267
  0.6 : 1                 962  65.1%    +8,416  1.03 17,569              603  64.7%   +18,731  1.11  9,646        +6,787               4,392
  0.7 : 1                 932  62.4%   +16,152  1.05 18,623              584  60.1%   +14,858  1.08 13,971        +7,753               4,656
  0.8 : 1                 900  58.8%   +10,745  1.03 18,233              566  57.6%   +25,648  1.13  9,876        +9,098               4,558
  0.9 : 1                 874  55.7%    +8,940  1.03 20,658              546  54.4%   +24,457  1.12  9,718        +8,349               5,165
